Quick Start:
aleo run initialize_board 17870424623691071000u64 player_2_address

aleo run offer_battleship 'board_state_record'

switch program.json to player 2

aleo run initialize_board 17870424623691071000u64 player_1_address

aleo run start_battleship 'board_state_record' 'move_record'

switch program.json to player 1

aleo run play 'move_record' 4398046511104u64

switch program.json to player 2

aleo run play 'move_record' 8u64


sample valid board: 17870424623691071000u64 corresponds to 

1111100000000000100000001000001110000000100000000000000000111000
1111100000000000000000000000000000000000000000000000000000000000
0000000000000000100000001000000010000000100000000000000000000000
0000000000000000000000000000000000000000000000000000000000111000
0000000000000000000000000000001100000000000000000000000000000000

1 1 1 1 1 0 0 0
0 0 0 0 0 0 0 0
1 0 0 0 0 0 0 0
1 0 0 0 0 0 1 1
1 0 0 0 0 0 0 0
1 0 0 0 0 0 0 0
0 0 0 0 0 0 0 0
0 0 1 1 1 0 0 0

broken down into carrier, battleship, cruiser, destroyer u64s:

17870283321406128128u64
11111000 00000000 00000000 00000000 00000000 00000000 00000000 00000000

141289400041472u64
00000000 00000000 10000000 10000000 10000000 10000000 00000000 00000000

56u64
00000000 00000000 00000000 00000000 00000000 00000000 00000000 00111000

12884901888u64
00000000 00000000 00000000 00000011 00000000 00000000 00000000 00000000


sample miss: 4398046511104u64 corresponds to

0000000000000000000001000000000000000000000000000000000000000000

0 0 0 0 0 0 0 0
0 0 0 0 0 0 0 0
0 0 0 0 0 1 0 0
0 0 0 0 0 0 0 0
0 0 0 0 0 0 0 0
0 0 0 0 0 0 0 0
0 0 0 0 0 0 0 0
0 0 0 0 0 0 0 0

aleo run play '{
  owner: aleo1dd8w4an9cgzkywf3lzcyew43qhjltwjrf8eafdmugdujhpr7avrsa4lky7.private,
  gates: 0u64.private,
  hits_and_misses: 0u64.private,
  played_tiles: 0u64.private,
  ships: 17870424623691071000u64.private,
  _nonce: 2115279065454056183560058471951817240373270577101835052641672305325014426852group.public
}' 4398046511104u64

sample hit: 8u64 corresponds to

0000000000000000000000000000000000000000000000000000000000001000

0 0 0 0 0 0 0 0
0 0 0 0 0 0 0 0
0 0 0 0 0 0 0 0
0 0 0 0 0 0 0 0
0 0 0 0 0 0 0 0
0 0 0 0 0 0 0 0
0 0 0 0 0 0 0 0
0 0 0 0 1 0 0 0

aleo run play